ano_coleta,fonte_url_pagina,fonte_url_arquivo,arquivo_origem,BLOCO,GRUPO,ESTRATEGIA,UF,MUNICIPIO,CO_MUNICIPIO_IBGE,QT_POPULACAO,NU_ANO_REFERENCIA_IBGE,CNPJ,ENTIDADE,BANCO,AGENCIA,CONTA,TP_REPASSE,TP_REPASSE_ESTADO,ST_FAF,ST_HU,DT_ULTIMA_LIBERACAO,VL_BRUTO,VL_LIQUIDO,VL_SALDO_CONTA,DT_SALDO_CONTA
2025,https://portalfns.saude.gov.br/wp-content/uploads/2026/01/REPASSE-FAF-COM-POPULACAO-2025.xlsx,https://portalfns.saude.gov.br/wp-content/uploads/2026/01/REPASSE-FAF-COM-POPULACAO-2025.xlsx,/home/neologos/anatomia-do-gasto-sprint2/data/raw/boa_nova/fns/repasses_faf_com_populacao/2025/REPASSE-FAF-COM-POPULACAO-2025.xlsx,Manutenção Das Ações E Serviços Públicos De Saúde,GESTÃO DO SUS,"ASSISTÊNCIA FINANCEIRA COMPLEMENTAR AOS ESTADOS, DF E MUNICÍPIOS P/ O PAG DO PISO SALARIAL DOS PROFISSIONAIS DA ENFERMAGEM",BA,BOA NOVA,290370,14008,2025,11896996000181,FUNDO MUNICIPAL DE SAUDE,001,005568,000000363197,MUNICIPAL,N,S,N,46021,746130.64,746130.64,17727.86,45991
2025,https://portalfns.saude.gov.br/wp-content/uploads/2026/01/REPASSE-FAF-COM-POPULACAO-2025.xlsx,https://portalfns.saude.gov.br/wp-content/uploads/2026/01/REPASSE-FAF-COM-POPULACAO-2025.xlsx,/home/neologos/anatomia-do-gasto-sprint2/data/raw/boa_nova/fns/repasses_faf_com_populacao/2025/REPASSE-FAF-COM-POPULACAO-2025.xlsx,Manutenção Das Ações E Serviços Públicos De Saúde,VIGILÂNCIA EM SAÚDE,"INCENTIVO FINANCEIRO AOS ESTADOS, DISTRITO FEDERAL E MUNICÍPIOS PARA A VIGILÂNCIA EM SAÚDE - DESPESAS DIVERSAS",BA,BOA NOVA,290370,14008,2025,11896996000181,FUNDO MUNICIPAL DE SAUDE,001,005568,000000363170,MUNICIPAL,N,S,N,46021,39863.56,39863.56,505554.97,45991
2025,https://portalfns.saude.gov.br/wp-content/uploads/2026/01/REPASSE-FAF-COM-POPULACAO-2025.xlsx,https://portalfns.saude.gov.br/wp-content/uploads/2026/01/REPASSE-FAF-COM-POPULACAO-2025.xlsx,/home/neologos/anatomia-do-gasto-sprint2/data/raw/boa_nova/fns/repasses_faf_com_populacao/2025/REPASSE-FAF-COM-POPULACAO-2025.xlsx,Manutenção Das Ações E Serviços Públicos De Saúde,VIGILÂNCIA EM SAÚDE,TRANSFERÊNCIA AOS ENTES FEDERATIVOS PARA O PAGAMENTO DOS VENCIMENTOS DOS AGENTES DE COMBATE ÀS ENDEMIAS,BA,BOA NOVA,290370,14008,2025,11896996000181,FUNDO MUNICIPAL DE SAUDE,001,005568,000000363170,MUNICIPAL,N,S,N,46017,85008,85008,505554.97,45991
2025,https://portalfns.saude.gov.br/wp-content/uploads/2026/01/REPASSE-FAF-COM-POPULACAO-2025.xlsx,https://portalfns.saude.gov.br/wp-content/uploads/2026/01/REPASSE-FAF-COM-POPULACAO-2025.xlsx,/home/neologos/anatomia-do-gasto-sprint2/data/raw/boa_nova/fns/repasses_faf_com_populacao/2025/REPASSE-FAF-COM-POPULACAO-2025.xlsx,Manutenção Das Ações E Serviços Públicos De Saúde,ATENÇÃO PRIMÁRIA,EMENDA - INCREMENTO TEMPORÁRIO AO CUSTEIO DOS SERVIÇOS DE ATENÇÃO PRIMÁRIA EM SAÚDE,BA,BOA NOVA,290370,14008,2025,11896996000181,FUNDO MUNICIPAL DE SAUDE,001,005568,0037198X,MUNICIPAL,N,S,N,46013,200000,200000,-,-
2025,https://portalfns.saude.gov.br/wp-content/uploads/2026/01/REPASSE-FAF-COM-POPULACAO-2025.xlsx,https://portalfns.saude.gov.br/wp-content/uploads/2026/01/REPASSE-FAF-COM-POPULACAO-2025.xlsx,/home/neologos/anatomia-do-gasto-sprint2/data/raw/boa_nova/fns/repasses_faf_com_populacao/2025/REPASSE-FAF-COM-POPULACAO-2025.xlsx,Manutenção Das Ações E Serviços Públicos De Saúde,ATENÇÃO PRIMÁRIA,INCENTIVO FINANCEIRO DA APS - ATENCAO A SAUDE BUCAL,BA,BOA NOVA,290370,14008,2025,11896996000181,FUNDO MUNICIPAL DE SAUDE,001,005568,000000363170,MUNICIPAL,N,S,N,46007,402160.68000000011,402160.68000000011,505554.97,45991
2025,https://portalfns.saude.gov.br/wp-content/uploads/2026/01/REPASSE-FAF-COM-POPULACAO-2025.xlsx,https://portalfns.saude.gov.br/wp-content/uploads/2026/01/REPASSE-FAF-COM-POPULACAO-2025.xlsx,/home/neologos/anatomia-do-gasto-sprint2/data/raw/boa_nova/fns/repasses_faf_com_populacao/2025/REPASSE-FAF-COM-POPULACAO-2025.xlsx,Manutenção Das Ações E Serviços Públicos De Saúde,ASSISTÊNCIA FARMACÊUTICA,"RECURSOS FINANCEIROS A TRANSFERIR PARA AQUISICAO PELAS SECRETARIAS DE SAUDE DOS ESTADOS, MUNICIPIOS E DO DISTRITO FEDERAL",BA,BOA NOVA,290370,14008,2025,11896996000181,FUNDO MUNICIPAL DE SAUDE,001,005568,000000363170,MUNICIPAL,N,S,N,46006,67081.8,67081.8,505554.97,45991
2025,https://portalfns.saude.gov.br/wp-content/uploads/2026/01/REPASSE-FAF-COM-POPULACAO-2025.xlsx,https://portalfns.saude.gov.br/wp-content/uploads/2026/01/REPASSE-FAF-COM-POPULACAO-2025.xlsx,/home/neologos/anatomia-do-gasto-sprint2/data/raw/boa_nova/fns/repasses_faf_com_populacao/2025/REPASSE-FAF-COM-POPULACAO-2025.xlsx,Manutenção Das Ações E Serviços Públicos De Saúde,ATENÇÃO PRIMÁRIA,INCENTIVO FINANCEIRO DA APS - COMPONENTE PER CAPITA DE BASE POPULACIONAL,BA,BOA NOVA,290370,14008,2025,11896996000181,FUNDO MUNICIPAL DE SAUDE,001,005568,000000363170,MUNICIPAL,N,S,N,46006,41804.699999999997,41804.699999999997,505554.97,45991
2025,https://portalfns.saude.gov.br/wp-content/uploads/2026/01/REPASSE-FAF-COM-POPULACAO-2025.xlsx,https://portalfns.saude.gov.br/wp-content/uploads/2026/01/REPASSE-FAF-COM-POPULACAO-2025.xlsx,/home/neologos/anatomia-do-gasto-sprint2/data/raw/boa_nova/fns/repasses_faf_com_populacao/2025/REPASSE-FAF-COM-POPULACAO-2025.xlsx,Manutenção Das Ações E Serviços Públicos De Saúde,ATENÇÃO PRIMÁRIA,INCENTIVO FINANCEIRO DA APS - EQUIPES DE SAÚDE DA FAMÍLIA/ESF E EQUIPES DE ATENÇÃO PRIMÁRIA/EAP,BA,BOA NOVA,290370,14008,2025,11896996000181,FUNDO MUNICIPAL DE SAUDE,001,005568,000000363170,MUNICIPAL,N,S,N,46006,1071000,1071000,505554.97,45991
2025,https://portalfns.saude.gov.br/wp-content/uploads/2026/01/REPASSE-FAF-COM-POPULACAO-2025.xlsx,https://portalfns.saude.gov.br/wp-content/uploads/2026/01/REPASSE-FAF-COM-POPULACAO-2025.xlsx,/home/neologos/anatomia-do-gasto-sprint2/data/raw/boa_nova/fns/repasses_faf_com_populacao/2025/REPASSE-FAF-COM-POPULACAO-2025.xlsx,Manutenção Das Ações E Serviços Públicos De Saúde,ATENÇÃO PRIMÁRIA,AGENTES COMUNITÁRIOS DE SAÚDE,BA,BOA NOVA,290370,14008,2025,11896996000181,FUNDO MUNICIPAL DE SAUDE,001,005568,000000363170,MUNICIPAL,N,S,N,46002,956340,956340,505554.97,45991
2025,https://portalfns.saude.gov.br/wp-content/uploads/2026/01/REPASSE-FAF-COM-POPULACAO-2025.xlsx,https://portalfns.saude.gov.br/wp-content/uploads/2026/01/REPASSE-FAF-COM-POPULACAO-2025.xlsx,/home/neologos/anatomia-do-gasto-sprint2/data/raw/boa_nova/fns/repasses_faf_com_populacao/2025/REPASSE-FAF-COM-POPULACAO-2025.xlsx,Manutenção Das Ações E Serviços Públicos De Saúde,ATENÇÃO PRIMÁRIA,IMPLEMENTAÇÃO DA SEGURANÇA ALIMENTAR E NUTRICIONAL NA SAÚDE,BA,BOA NOVA,290370,14008,2025,11896996000181,FUNDO MUNICIPAL DE SAUDE,001,005568,000000363170,MUNICIPAL,N,S,N,46002,14138.79,14138.79,505554.97,45991
2025,https://portalfns.saude.gov.br/wp-content/uploads/2026/01/REPASSE-FAF-COM-POPULACAO-2025.xlsx,https://portalfns.saude.gov.br/wp-content/uploads/2026/01/REPASSE-FAF-COM-POPULACAO-2025.xlsx,/home/neologos/anatomia-do-gasto-sprint2/data/raw/boa_nova/fns/repasses_faf_com_populacao/2025/REPASSE-FAF-COM-POPULACAO-2025.xlsx,Manutenção Das Ações E Serviços Públicos De Saúde,VIGILÂNCIA EM SAÚDE,"INCENTIVO FINANCEIRO AOS ESTADOS, DISTRITO FEDERAL E MUNICÍPIOS EXECUÇÃO AÇÕES VIGILÂNCIA SANITÁRIA",BA,BOA NOVA,290370,14008,2025,11896996000181,FUNDO MUNICIPAL DE SAUDE,001,005568,000000363170,MUNICIPAL,N,S,N,46000,5000,5000,505554.97,45991
2025,https://portalfns.saude.gov.br/wp-content/uploads/2026/01/REPASSE-FAF-COM-POPULACAO-2025.xlsx,https://portalfns.saude.gov.br/wp-content/uploads/2026/01/REPASSE-FAF-COM-POPULACAO-2025.xlsx,/home/neologos/anatomia-do-gasto-sprint2/data/raw/boa_nova/fns/repasses_faf_com_populacao/2025/REPASSE-FAF-COM-POPULACAO-2025.xlsx,Manutenção Das Ações E Serviços Públicos De Saúde,ATENÇÃO PRIMÁRIA,APOIO À MANUTENÇÃO DOS POLOS DE ACADEMIA DA SAÚDE,BA,BOA NOVA,290370,14008,2025,11896996000181,FUNDO MUNICIPAL DE SAUDE,001,005568,000000363170,MUNICIPAL,N,S,N,45992,9000,9000,505554.97,45991
2025,https://portalfns.saude.gov.br/wp-content/uploads/2026/01/REPASSE-FAF-COM-POPULACAO-2025.xlsx,https://portalfns.saude.gov.br/wp-content/uploads/2026/01/REPASSE-FAF-COM-POPULACAO-2025.xlsx,/home/neologos/anatomia-do-gasto-sprint2/data/raw/boa_nova/fns/repasses_faf_com_populacao/2025/REPASSE-FAF-COM-POPULACAO-2025.xlsx,Manutenção Das Ações E Serviços Públicos De Saúde,ASSISTÊNCIA FARMACÊUTICA,RECURSOS FINANC. A TRANSFERIR AS SECRETARIAS DE SAUDE MUN. EST. E DO DF PARA A QUALIF. DA ASSIST. FARMACEUTICA - QUALIFAR-SUS,BA,BOA NOVA,290370,14008,2025,11896996000181,FUNDO MUNICIPAL DE SAUDE,001,005568,000000363170,MUNICIPAL,N,S,N,45988,12000,12000,505554.97,45991
2025,https://portalfns.saude.gov.br/wp-content/uploads/2026/01/REPASSE-FAF-COM-POPULACAO-2025.xlsx,https://portalfns.saude.gov.br/wp-content/uploads/2026/01/REPASSE-FAF-COM-POPULACAO-2025.xlsx,/home/neologos/anatomia-do-gasto-sprint2/data/raw/boa_nova/fns/repasses_faf_com_populacao/2025/REPASSE-FAF-COM-POPULACAO-2025.xlsx,Manutenção Das Ações E Serviços Públicos De Saúde,ATENÇÃO PRIMÁRIA,EMENDA - INCREMENTO TEMPORÁRIO AO CUSTEIO DOS SERVIÇOS DE ATENÇÃO PRIMÁRIA EM SAÚDE,BA,BOA NOVA,290370,14008,2025,11896996000181,FUNDO MUNICIPAL DE SAUDE,001,005568,00370533,MUNICIPAL,N,S,N,45974,1000000,1000000,-,-
2025,https://portalfns.saude.gov.br/wp-content/uploads/2026/01/REPASSE-FAF-COM-POPULACAO-2025.xlsx,https://portalfns.saude.gov.br/wp-content/uploads/2026/01/REPASSE-FAF-COM-POPULACAO-2025.xlsx,/home/neologos/anatomia-do-gasto-sprint2/data/raw/boa_nova/fns/repasses_faf_com_populacao/2025/REPASSE-FAF-COM-POPULACAO-2025.xlsx,Manutenção Das Ações E Serviços Públicos De Saúde,ATENÇÃO PRIMÁRIA,PISO DE ATENCAO PRIMARIA A SAUDE - DESPESAS DIVERSAS,BA,BOA NOVA,290370,14008,2025,11896996000181,FUNDO MUNICIPAL DE SAUDE,001,005568,000000363170,MUNICIPAL,N,S,N,45971,800000,800000,505554.97,45991
2025,https://portalfns.saude.gov.br/wp-content/uploads/2026/01/REPASSE-FAF-COM-POPULACAO-2025.xlsx,https://portalfns.saude.gov.br/wp-content/uploads/2026/01/REPASSE-FAF-COM-POPULACAO-2025.xlsx,/home/neologos/anatomia-do-gasto-sprint2/data/raw/boa_nova/fns/repasses_faf_com_populacao/2025/REPASSE-FAF-COM-POPULACAO-2025.xlsx,Manutenção Das Ações E Serviços Públicos De Saúde,ATENÇÃO PRIMÁRIA,EMENDA - INCREMENTO TEMPORÁRIO AO CUSTEIO DOS SERVIÇOS DE ATENÇÃO PRIMÁRIA EM SAÚDE,BA,BOA NOVA,290370,14008,2025,11896996000181,FUNDO MUNICIPAL DE SAUDE,001,005568,00369969,MUNICIPAL,N,S,N,45960,1200000,1200000,-,-
2025,https://portalfns.saude.gov.br/wp-content/uploads/2026/01/REPASSE-FAF-COM-POPULACAO-2025.xlsx,https://portalfns.saude.gov.br/wp-content/uploads/2026/01/REPASSE-FAF-COM-POPULACAO-2025.xlsx,/home/neologos/anatomia-do-gasto-sprint2/data/raw/boa_nova/fns/repasses_faf_com_populacao/2025/REPASSE-FAF-COM-POPULACAO-2025.xlsx,Manutenção Das Ações E Serviços Públicos De Saúde,ATENÇÃO PRIMÁRIA,IMPLEMENTACÃO DE POLÍTICAS PARA A REDE ALYNE,BA,BOA NOVA,290370,14008,2025,11896996000181,FUNDO MUNICIPAL DE SAUDE,001,005568,000000363170,MUNICIPAL,N,S,N,45925,332,332,505554.97,45991
2025,https://portalfns.saude.gov.br/wp-content/uploads/2026/01/REPASSE-FAF-COM-POPULACAO-2025.xlsx,https://portalfns.saude.gov.br/wp-content/uploads/2026/01/REPASSE-FAF-COM-POPULACAO-2025.xlsx,/home/neologos/anatomia-do-gasto-sprint2/data/raw/boa_nova/fns/repasses_faf_com_populacao/2025/REPASSE-FAF-COM-POPULACAO-2025.xlsx,Manutenção Das Ações E Serviços Públicos De Saúde,ASSISTÊNCIA FARMACÊUTICA,APOIO AO USO DE PLANTAS MEDICINAIS E FITOTERAPICOS NO SUS - CGAFB,BA,BOA NOVA,290370,14008,2025,11896996000181,FUNDO MUNICIPAL DE SAUDE,104,014354,0066240396,MUNICIPAL,N,S,N,45923,10952,10952,1.03,45991
2025,https://portalfns.saude.gov.br/wp-content/uploads/2026/01/REPASSE-FAF-COM-POPULACAO-2025.xlsx,https://portalfns.saude.gov.br/wp-content/uploads/2026/01/REPASSE-FAF-COM-POPULACAO-2025.xlsx,/home/neologos/anatomia-do-gasto-sprint2/data/raw/boa_nova/fns/repasses_faf_com_populacao/2025/REPASSE-FAF-COM-POPULACAO-2025.xlsx,Manutenção Das Ações E Serviços Públicos De Saúde,ATENÇÃO PRIMÁRIA,"INCENTIVO FINANCEIRO DA APS - DEMAIS PROGRAMAS, SERVIÇOS E EQUIPES DA ATENÇÃO PRIMÁRIA À SAÚDE",BA,BOA NOVA,290370,14008,2025,11896996000181,FUNDO MUNICIPAL DE SAUDE,001,005568,000000363170,MUNICIPAL,N,S,N,45868,24938.23,24938.23,505554.97,45991
2025,https://portalfns.saude.gov.br/wp-content/uploads/2026/01/REPASSE-FAF-COM-POPULACAO-2025.xlsx,https://portalfns.saude.gov.br/wp-content/uploads/2026/01/REPASSE-FAF-COM-POPULACAO-2025.xlsx,/home/neologos/anatomia-do-gasto-sprint2/data/raw/boa_nova/fns/repasses_faf_com_populacao/2025/REPASSE-FAF-COM-POPULACAO-2025.xlsx,Manutenção Das Ações E Serviços Públicos De Saúde,ATENÇÃO PRIMÁRIA,EMENDA - INCREMENTO TEMPORÁRIO AO CUSTEIO DOS SERVIÇOS DE ATENÇÃO PRIMÁRIA EM SAÚDE,BA,BOA NOVA,290370,14008,2025,11896996000181,FUNDO MUNICIPAL DE SAUDE,001,005568,000000363871,MUNICIPAL,N,S,N,45856,550000,550000,104.53,45991
2025,https://portalfns.saude.gov.br/wp-content/uploads/2026/01/REPASSE-FAF-COM-POPULACAO-2025.xlsx,https://portalfns.saude.gov.br/wp-content/uploads/2026/01/REPASSE-FAF-COM-POPULACAO-2025.xlsx,/home/neologos/anatomia-do-gasto-sprint2/data/raw/boa_nova/fns/repasses_faf_com_populacao/2025/REPASSE-FAF-COM-POPULACAO-2025.xlsx,Manutenção Das Ações E Serviços Públicos De Saúde,ATENÇÃO PRIMÁRIA,EMENDA - INCREMENTO TEMPORÁRIO AO CUSTEIO DOS SERVIÇOS DE ATENÇÃO PRIMÁRIA EM SAÚDE,BA,BOA NOVA,290370,14008,2025,11896996000181,FUNDO MUNICIPAL DE SAUDE,001,005568,00000036388X,MUNICIPAL,N,S,N,45855,500000,500000,201.78,45991
2025,https://portalfns.saude.gov.br/wp-content/uploads/2026/01/REPASSE-FAF-COM-POPULACAO-2025.xlsx,https://portalfns.saude.gov.br/wp-content/uploads/2026/01/REPASSE-FAF-COM-POPULACAO-2025.xlsx,/home/neologos/anatomia-do-gasto-sprint2/data/raw/boa_nova/fns/repasses_faf_com_populacao/2025/REPASSE-FAF-COM-POPULACAO-2025.xlsx,Manutenção Das Ações E Serviços Públicos De Saúde,ATENÇÃO PRIMÁRIA,EMENDA - INCREMENTO TEMPORÁRIO AO CUSTEIO DOS SERVIÇOS DE ATENÇÃO PRIMÁRIA EM SAÚDE,BA,BOA NOVA,290370,14008,2025,11896996000181,FUNDO MUNICIPAL DE SAUDE,001,005568,000000363863,MUNICIPAL,N,S,N,45855,500000,500000,164.55,45991
2025,https://portalfns.saude.gov.br/wp-content/uploads/2026/01/REPASSE-FAF-COM-POPULACAO-2025.xlsx,https://portalfns.saude.gov.br/wp-content/uploads/2026/01/REPASSE-FAF-COM-POPULACAO-2025.xlsx,/home/neologos/anatomia-do-gasto-sprint2/data/raw/boa_nova/fns/repasses_faf_com_populacao/2025/REPASSE-FAF-COM-POPULACAO-2025.xlsx,Manutenção Das Ações E Serviços Públicos De Saúde,VIGILÂNCIA EM SAÚDE,"INCENTIVO FINANCEIRO AOS ESTADOS, DISTRITO FEDERAL E MUNICÍPIOS EXECUÇÃO AÇÕES VIGILÂNCIA SANITÁRIA",BA,BOA NOVA,290370,14008,2025,11896996000181,FUNDO MUNICIPAL DE SAUDE,104,014354,0066240396,MUNICIPAL,N,S,N,45847,6000,6000,1.03,45991
2025,https://portalfns.saude.gov.br/wp-content/uploads/2026/01/REPASSE-FAF-COM-POPULACAO-2025.xlsx,https://portalfns.saude.gov.br/wp-content/uploads/2026/01/REPASSE-FAF-COM-POPULACAO-2025.xlsx,/home/neologos/anatomia-do-gasto-sprint2/data/raw/boa_nova/fns/repasses_faf_com_populacao/2025/REPASSE-FAF-COM-POPULACAO-2025.xlsx,Manutenção Das Ações E Serviços Públicos De Saúde,ASSISTÊNCIA FARMACÊUTICA,"RECURSOS FINANCEIROS A TRANSFERIR PARA AQUISICAO PELAS SECRETARIAS DE SAUDE DOS ESTADOS, MUNICIPIOS E DO DISTRITO FEDERAL",BA,BOA NOVA,290370,14008,2025,11896996000181,FUNDO MUNICIPAL DE SAUDE,104,014354,0066240396,MUNICIPAL,N,S,N,45833,53391,53391,1.03,45991
2025,https://portalfns.saude.gov.br/wp-content/uploads/2026/01/REPASSE-FAF-COM-POPULACAO-2025.xlsx,https://portalfns.saude.gov.br/wp-content/uploads/2026/01/REPASSE-FAF-COM-POPULACAO-2025.xlsx,/home/neologos/anatomia-do-gasto-sprint2/data/raw/boa_nova/fns/repasses_faf_com_populacao/2025/REPASSE-FAF-COM-POPULACAO-2025.xlsx,Manutenção Das Ações E Serviços Públicos De Saúde,ATENÇÃO PRIMÁRIA,INCENTIVO FINANCEIRO DA APS - EQUIPES DE SAÚDE DA FAMÍLIA/ESF E EQUIPES DE ATENÇÃO PRIMÁRIA/EAP,BA,BOA NOVA,290370,14008,2025,11896996000181,FUNDO MUNICIPAL DE SAUDE,104,014354,0066240396,MUNICIPAL,N,S,N,45824,1115250,1115250,1.03,45991
2025,https://portalfns.saude.gov.br/wp-content/uploads/2026/01/REPASSE-FAF-COM-POPULACAO-2025.xlsx,https://portalfns.saude.gov.br/wp-content/uploads/2026/01/REPASSE-FAF-COM-POPULACAO-2025.xlsx,/home/neologos/anatomia-do-gasto-sprint2/data/raw/boa_nova/fns/repasses_faf_com_populacao/2025/REPASSE-FAF-COM-POPULACAO-2025.xlsx,Manutenção Das Ações E Serviços Públicos De Saúde,ATENÇÃO PRIMÁRIA,AGENTES COMUNITÁRIOS DE SAÚDE,BA,BOA NOVA,290370,14008,2025,11896996000181,FUNDO MUNICIPAL DE SAUDE,104,014354,0066240396,MUNICIPAL,N,S,N,45820,819720,819720,1.03,45991
2025,https://portalfns.saude.gov.br/wp-content/uploads/2026/01/REPASSE-FAF-COM-POPULACAO-2025.xlsx,https://portalfns.saude.gov.br/wp-content/uploads/2026/01/REPASSE-FAF-COM-POPULACAO-2025.xlsx,/home/neologos/anatomia-do-gasto-sprint2/data/raw/boa_nova/fns/repasses_faf_com_populacao/2025/REPASSE-FAF-COM-POPULACAO-2025.xlsx,Manutenção Das Ações E Serviços Públicos De Saúde,ATENÇÃO PRIMÁRIA,INCENTIVO FINANCEIRO DA APS - ATENCAO A SAUDE BUCAL,BA,BOA NOVA,290370,14008,2025,11896996000181,FUNDO MUNICIPAL DE SAUDE,104,014354,0066240396,MUNICIPAL,N,S,N,45820,365888.42,365888.42,1.03,45991
2025,https://portalfns.saude.gov.br/wp-content/uploads/2026/01/REPASSE-FAF-COM-POPULACAO-2025.xlsx,https://portalfns.saude.gov.br/wp-content/uploads/2026/01/REPASSE-FAF-COM-POPULACAO-2025.xlsx,/home/neologos/anatomia-do-gasto-sprint2/data/raw/boa_nova/fns/repasses_faf_com_populacao/2025/REPASSE-FAF-COM-POPULACAO-2025.xlsx,Manutenção Das Ações E Serviços Públicos De Saúde,ATENÇÃO PRIMÁRIA,INCENTIVO FINANCEIRO DA APS - COMPONENTE PER CAPITA DE BASE POPULACIONAL,BA,BOA NOVA,290370,14008,2025,11896996000181,FUNDO MUNICIPAL DE SAUDE,104,014354,0066240396,MUNICIPAL,N,S,N,45820,41804.699999999997,41804.699999999997,1.03,45991
2025,https://portalfns.saude.gov.br/wp-content/uploads/2026/01/REPASSE-FAF-COM-POPULACAO-2025.xlsx,https://portalfns.saude.gov.br/wp-content/uploads/2026/01/REPASSE-FAF-COM-POPULACAO-2025.xlsx,/home/neologos/anatomia-do-gasto-sprint2/data/raw/boa_nova/fns/repasses_faf_com_populacao/2025/REPASSE-FAF-COM-POPULACAO-2025.xlsx,Manutenção Das Ações E Serviços Públicos De Saúde,ATENÇÃO PRIMÁRIA,PISO DE ATENCAO PRIMARIA A SAUDE - DESPESAS DIVERSAS,BA,BOA NOVA,290370,14008,2025,11896996000181,FUNDO MUNICIPAL DE SAUDE,104,014354,0066240396,MUNICIPAL,N,S,N,45820,400000,400000,1.03,45991
2025,https://portalfns.saude.gov.br/wp-content/uploads/2026/01/REPASSE-FAF-COM-POPULACAO-2025.xlsx,https://portalfns.saude.gov.br/wp-content/uploads/2026/01/REPASSE-FAF-COM-POPULACAO-2025.xlsx,/home/neologos/anatomia-do-gasto-sprint2/data/raw/boa_nova/fns/repasses_faf_com_populacao/2025/REPASSE-FAF-COM-POPULACAO-2025.xlsx,Manutenção Das Ações E Serviços Públicos De Saúde,VIGILÂNCIA EM SAÚDE,"INCENTIVO FINANCEIRO AOS ESTADOS, DISTRITO FEDERAL E MUNICÍPIOS PARA A VIGILÂNCIA EM SAÚDE - DESPESAS DIVERSAS",BA,BOA NOVA,290370,14008,2025,11896996000181,FUNDO MUNICIPAL DE SAUDE,104,014354,0066240396,MUNICIPAL,N,S,N,45817,47349.33,47349.33,1.03,45991
2025,https://portalfns.saude.gov.br/wp-content/uploads/2026/01/REPASSE-FAF-COM-POPULACAO-2025.xlsx,https://portalfns.saude.gov.br/wp-content/uploads/2026/01/REPASSE-FAF-COM-POPULACAO-2025.xlsx,/home/neologos/anatomia-do-gasto-sprint2/data/raw/boa_nova/fns/repasses_faf_com_populacao/2025/REPASSE-FAF-COM-POPULACAO-2025.xlsx,Manutenção Das Ações E Serviços Públicos De Saúde,VIGILÂNCIA EM SAÚDE,TRANSFERÊNCIA AOS ENTES FEDERATIVOS PARA O PAGAMENTO DOS VENCIMENTOS DOS AGENTES DE COMBATE ÀS ENDEMIAS,BA,BOA NOVA,290370,14008,2025,11896996000181,FUNDO MUNICIPAL DE SAUDE,104,014354,0066240396,MUNICIPAL,N,S,N,45817,72863.999999999985,72863.999999999985,1.03,45991
2025,https://portalfns.saude.gov.br/wp-content/uploads/2026/01/REPASSE-FAF-COM-POPULACAO-2025.xlsx,https://portalfns.saude.gov.br/wp-content/uploads/2026/01/REPASSE-FAF-COM-POPULACAO-2025.xlsx,/home/neologos/anatomia-do-gasto-sprint2/data/raw/boa_nova/fns/repasses_faf_com_populacao/2025/REPASSE-FAF-COM-POPULACAO-2025.xlsx,Manutenção Das Ações E Serviços Públicos De Saúde,GESTÃO DO SUS,"ASSISTÊNCIA FINANCEIRA COMPLEMENTAR AOS ESTADOS, DF E MUNICÍPIOS P/ O PAG DO PISO SALARIAL DOS PROFISSIONAIS DA ENFERMAGEM",BA,BOA NOVA,290370,14008,2025,11896996000181,FUNDO MUNICIPAL DE SAUDE,104,014354,0066240493,MUNICIPAL,N,S,N,45807,448334.34,448334.34,20.95,45991
2025,https://portalfns.saude.gov.br/wp-content/uploads/2026/01/REPASSE-FAF-COM-POPULACAO-2025.xlsx,https://portalfns.saude.gov.br/wp-content/uploads/2026/01/REPASSE-FAF-COM-POPULACAO-2025.xlsx,/home/neologos/anatomia-do-gasto-sprint2/data/raw/boa_nova/fns/repasses_faf_com_populacao/2025/REPASSE-FAF-COM-POPULACAO-2025.xlsx,Manutenção Das Ações E Serviços Públicos De Saúde,ASSISTÊNCIA FARMACÊUTICA,RECURSOS FINANC. A TRANSFERIR AS SECRETARIAS DE SAUDE MUN. EST. E DO DF PARA A QUALIF. DA ASSIST. FARMACEUTICA - QUALIFAR-SUS,BA,BOA NOVA,290370,14008,2025,11896996000181,FUNDO MUNICIPAL DE SAUDE,104,014354,0066240396,MUNICIPAL,N,S,N,45783,6000,6000,1.03,45991
2025,https://portalfns.saude.gov.br/wp-content/uploads/2026/01/REPASSE-FAF-COM-POPULACAO-2025.xlsx,https://portalfns.saude.gov.br/wp-content/uploads/2026/01/REPASSE-FAF-COM-POPULACAO-2025.xlsx,/home/neologos/anatomia-do-gasto-sprint2/data/raw/boa_nova/fns/repasses_faf_com_populacao/2025/REPASSE-FAF-COM-POPULACAO-2025.xlsx,Manutenção Das Ações E Serviços Públicos De Saúde,ATENÇÃO PRIMÁRIA,IMPLEMENTAÇÃO DA SEGURANÇA ALIMENTAR E NUTRICIONAL NA SAÚDE,BA,BOA NOVA,290370,14008,2025,11896996000181,FUNDO MUNICIPAL DE SAUDE,104,014354,0066240396,MUNICIPAL,N,S,N,45779,27034,27034,1.03,45991
2025,https://portalfns.saude.gov.br/wp-content/uploads/2026/01/REPASSE-FAF-COM-POPULACAO-2025.xlsx,https://portalfns.saude.gov.br/wp-content/uploads/2026/01/REPASSE-FAF-COM-POPULACAO-2025.xlsx,/home/neologos/anatomia-do-gasto-sprint2/data/raw/boa_nova/fns/repasses_faf_com_populacao/2025/REPASSE-FAF-COM-POPULACAO-2025.xlsx,Manutenção Das Ações E Serviços Públicos De Saúde,ATENÇÃO PRIMÁRIA,INCENTIVO FINANCEIRO PARA ATENÇÃO À SAÚDE BUCAL,BA,BOA NOVA,290370,14008,2025,11896996000181,FUNDO MUNICIPAL DE SAUDE,104,014354,0066240396,MUNICIPAL,N,S,N,45680,14464.43,14464.43,1.03,45991
